  0.950879991         0.00000000    
  0.951839983         0.00000000    
  0.952799976         0.00000000    
  0.953760028         0.00000000    
  0.954720020         0.00000000    
  0.955680013         0.00000000    
  0.956640005         0.00000000    
  0.957599998         0.00000000    
  0.958559990         0.00000000    
  0.959519982         0.00000000    
  0.960479975         100.000000    
  0.961439967         0.00000000    
  0.962400019         0.00000000    
  0.963360012         0.00000000    
  0.964320004         0.00000000    
  0.965279996         0.00000000    
  0.966239989         0.00000000    
  0.967199981         0.00000000    
  0.968160033         0.00000000    
  0.969120026         0.00000000    
