   6.15999985         68.3444138    
   6.31999969         0.00000000    
   6.48000002         0.00000000    
   6.63999987         0.00000000    
   6.80000019         0.00000000    
   6.96000004         0.00000000    
   7.11999989         0.00000000    
   7.27999973         0.00000000    
   7.44000006         0.00000000    
   7.59999990         0.00000000    
   7.76000023         0.00000000    
   7.92000008         0.00000000    
   8.07999992         0.00000000    
   8.23999977         0.00000000    
   8.39999962         0.00000000    
   8.55999947         0.00000000    
   8.72000027         0.00000000    
   8.88000011         0.00000000    
   9.03999996         0.00000000    
   9.19999981         31.6555882    
