   5.94779491        0.918012023    
   6.06351566        0.854700863    
   6.17923641         1.86767960    
   6.29495621         3.41880345    
   6.41067696         3.89363718    
   6.52639675         5.88793945    
   6.64211750         5.98290586    
   6.75783777         6.10952854    
   6.87355804         6.39442873    
   6.98927879         7.12250710    
   7.10499859         7.31244087    
   7.22071934         9.21177578    
   7.33643913         9.05349827    
   7.45215988         10.9528332    
   7.56788063         9.59164333    
   7.68360043         4.90661621    
   7.79932117         3.10224748    
   7.91504097         1.96264637    
   8.03076172        0.981323183    
   8.14648247        0.474833816    
